$ANSIBLE_VAULT;1.1;AES256
36633633323165633963393339326435386634306539633931333765616235323363643637396535
3334383236626634393261326436306664616538636364640a666636356130313532303831386133
31633135333934306161313738373533633836336632343563303865373534346461356462363434
3166626335613333650a623738376662366662363032333035616136326666636363643461663262
36636134643937393563373133653136366433306265363766383033353164656632623236316133
63383261363238343339316230613039393638656433666435313264633534343330653434613537
36376436313730653234646163393538323438633534666463643164613038636630613864663262
31363739633764336334373937346532393766396530383637653662323530626533333764303039
39643165336138363262326339653537363064343532366434663139323331313232363066306236
37333537336565313864626166346338663739353536356435663335316135363563646536383063
62646135326262396130353134633030353133363730656164613464303261373532643834623835
34633636323336396266326236333266323033383664666664366438616634623064336233303738
38353234373731626565666331326430366232393035323339363439653831653566623036326166
61353363613537633065653533646336386338313261366361643366373066656262396137646638
39363562373162376431326236663062353139383830313837393932366139303361363263376634
36326461306531346661373131663061663531326434383637633265303932396634643930653163
62333230653661303563393432306631616361396638346430626163353739333566303937383537
37333238323939666363386537326563663164366332386464333831633532376536346566356533
36396333643266653666613831353634326662616337313836613833306437383262393835336533
62323432616335633936353063306332343334623864313938383632356536373839373638663239
65366363316533613063653434633835363734373234336530343461333866346536353037353666
39373431333866356437376132623039383936346264343066303337373265633062633734383937
36383865613237636635653766396431643332356532636366623064316635336633333638626139
65633361316135633461363633636637373230343266636162336163626237323766376439383035
32346666366433363230356130333837666533376636376337353833663936343763653239386530
66616139666461393831666138353866633761353965323564353838326563663365633630613139
30343666336162383864373132316562633730303035643162316632636262386438366532643036
36333037373138393462613065363962383531643535666566303337336139386561373536386563
38393865326433363562656135663963336337353464343138333232323339613236323331663239
33666530336465343361333665623836386461643935366438323731316433633036396230373365
39386631366461326366303639666635323964383638393834306131633437323438383763386436
37383065336134656364383566356532393734353866333163623561376563636230323566366334
61393333643830336266316163626566363639356138353439326633383938633031323464316531
64646135613733633663326363366664653534633966636334306636626534613333613961643663
33643930313765343737616132616231313865333836396664653566333638336165303534313338
31346265623536636230373432626631346264653433353833323265613538333034636362656430
64643765633738326131663763653066323230646236616165386338366162613539396635333339
30626131663039376262346234363161373566363635656530666266613862626430353362306230
61616461366563356237353537353339613362393331653263323032336636326166623330613465
65633837303332333132326332333865656463303063313763363763346537616339666432336363
35366336373631623661336666393735643764643233343836323335323338393832363464393534
65383638356134393037643335646266383665326235333839333837363836373535323430313930
62336333313432336537373564316666636335383264623566613934323362616534336438323131
61366264303134333066663138353332663661323361613630366636323034353864336637663064
38663033626234636131333931663162393032333237613235626162303239643333306435383235
34663530633330373332623131646635366237666439333861333631343363613262656531653032
35393234393130333463646137366431393137356530616666353964663464376563303937333739
63663631366339643837356532383832386464383239353732303161393766363464396638326334
63313435393932353165663538636164326166666562623766636632396434663736666530623131
32646362653730333234353062626232383237636631633834306230616266393736353366613035
65323663353463646135613063346331326138363634353237363237633030333439373362333764
62653631303665353133396663373333653732373061346231393863373534383964306262333662
39653362356337343532353033393638393265633435363337616263666539316338393663363662
35633039336339356664323939353537613333396536663931343230386531356538633438383263
33643565383231396363663838633163303137356362643263663230313565396539303131646561
30383263623661326663373666326361353663393264353935323866336636356131666135376236
35336564316563613830323566303763623764306566363965343935323233303563383536623331
63353635613631386236636531653534333831613165353232613237333337376334353535656461
30623431373333616565313161616435356565626239643332623930363139396635366236643362
61643835646262303434393763346461363864326262373337643865383866353364313563623431
35623935383136643263356266393033306330663236306332356264323630356565346435363939
63303336343630326630663034383463373238366637633239396363326462303762326631383933
34323239333165663233376166326232633664306666353061303730323661363634346130343935
35393930643165343438613739646163376164396435353533663034616261306130643233666138
39656433663331393335616464636233666230316332393536316639623030356135323831333739
34373064633936366237613639643034303431653964663030366133653735623932653433623865
62303363623331363133373339636139623162366137353738323462303565663834343263303231
35306234336565383563616438633939353761326262303130343765653537623137393463376538
63633539626237336234323936336464333664616530336461656632323633363839656137373736
37333233353165613836383562336363363832363034376136663135333737383638386364336661
36626466366638653162623964356138336261326636636364653632303535326435316133336437
31323436626233616465346233386630363633333963343566373430663237306330386535373764
66356164613235636138653565626333373335363364346436643835356562393262333136353039
38393363626333656432343038376637396139323939663030303537363435386235633539646564
39323135373638306337383562336566353637323337326633303338623034643439613362623561
35346537343761656632643261333535333531333334343139636235343361353065313766613536
30653931383063626330316166303331376432623734333931626166323564383536376461313563
66373761653932333330353530656332326530373262356661366262353234376339643032336165
37363734316337626133356336613562613762343332646465373830626637316362306663616637
63353962666136393934386364356332353632373561303835356463383166666538393165386531
64396239653366663766333664336538326639306230336337353138303631316538633366643937
65623164653738373163656137643361353133616264636538633936646232373934613365656638
64316633646633306530653730393330303064383530643832346434303636343664373231383864
31643063323834666136303835616162653938316664333235633131616266356365373430343835
32623634633836626262323663373230366234346330343434383266393164336431613631643565
62323061373164353433383630313566363738623132643233383233643565646139323661346364
37333161316363626638386139383236333364313962363732616232303635323639313262313139
38353361623062643361383365343462313663623935363137346231366161636262323664613430
35333932613063643264366237643330373836383734383862333630373164633032313239356361
38356665613434373163373665336337393936363838313363653030366163616433636334336134
37386561656438636133623336376433393831356436303566313830656364353734333963656165
39653637643936306433323736643439336362643131346366636665656439386637396232326132
39363437623064326536626639313564346332313633643666346631623035356161336631326439
64353163333864646263666230343231653633303837666563313862386634343139306435353637
34313637663432326633636564643736383338366531396530383839323637323861353736646433
31373762333465363935613937636130366232653239383139383231326536633039636138646437
66623439346463303438323137336633313932613162646335373763383762633135313037323238
37323235306335346532383062616632663635386238376163633632386232383665353036633739
64633034316663386264396336656534646165356362363363663832333134376163616161343639
33613931303339666261643537346635393861363435326135363564353265393565306537343665
65643739356436373637346531323633663836333439663238623234623564366163643430313330
34343264656135626339376162366364653262346139616334353631316364303333353432653430
33363739383036656266613839363138643538623961663239363832393433336163643235383537
38363431393864333738643135636438643238653530366134613663306361333961386231376137
64353766376130343230613238633062653430323465623465353339363839626137663163653132
33396239346135303836303838343164656530386361393830333835626163663764376365303766
37396266643465353733666162373063353035663839616234396431386630666430363861363333
32623134396537303761656534373330393861373066363037313438323839396133663061626466
62613161666431643232356464346562623762346337393864613531356131636631336636363533
30393466646138663266613338333566376138303566303937376162636164323866613738323537
62313638393634326530333333383532346133613431666534653234633934353031306532346530
38653332373765313931313034313330373531633730643236623363306562383336313132393262
63363633643633613537323966623265303031383964306261356631383138356633663035646661
31653739386631343631313631363132346432366234643166663861386661336534353565386563
62356236616438653037336664663566333135613032393037336332363164373231633234636135
37303135313963333232613839666365653439313931633361646665646161393331373933353164
33373233393138666136643066366435313935363666613838326562636534336162623434613439
36383464316631653966663636313064613534326231383731306664303566393463636336653134
35363537353361393738666161376563353935386333396237363766343666376432656233363630
65653433346163646430353535636231333037326362343336623133346162646636336539356431
63633665396466663834326631373166313266356238353733383362316632343734666235623265
62636565366666633661386135653532363061383039316630396563353530306430313465383163
35376332306164356365646530333133346165656135643236376235663539303837366338663331
63323861343363663739356431323336636366333436326636383230393534373965396665313562
66363864306262343537616462646538386533353831346230393336636539306433383538343838
61663965373531363632326162386664383533333138386665636230313135363131316534336166
38623733653961383461666663376361343039626633316566666132663765613233353266613134
31663763383266316533366337333163613135313333633439393535393632653466656137353339
31656661396231383835353161616332613066306264356631373535636335656135323162643537
64363666663839346535393263653366663466373464663937353566613264386337653464313439
33313235663163353965373431613531366333666438343162316332353339326237663736336137
36653833393762383536643839336637353535396437643834346237653133663366653333343163
36653763666331326430363362623538313164363531313466623434393966346436373162306331
34616431343138383035393639643936323239333338336161333337383866613937336634393466
323665636436366237356166396636663565
